LWSC
1

FirstFrame 0
LastFrame 100
FrameStep 1

LoadObject HD1:atm/space/thing
ObjectMotion (unnamed)
  9
  4
  -142.503403 0.0 -23.986891 0.0 0.0 0.0 2.730000 2.730000 2.730000
  0 0 0.0 0.0 0.0
  -40.602253 -8.900001 -7.446966 0.0 0.0 0.0 2.730000 2.730000 2.730000
  31 0 0.0 0.0 0.0
  -35.329163 -8.900001 -7.173792 0.0 0.0 0.0 2.730000 2.730000 2.730000
  56 0 0.0 0.0 0.0
  1.970840 -8.900001 -7.373791 0.0 0.0 0.0 2.730000 2.730000 2.730000
  100 0 1.0 0.0 0.0
EndBehavior 1
AddBone
BoneName Bone
BoneActive 1
BoneRestPosition 0.000000 0.000000 0.000000
BoneRestDirection 0.000000 0.000000 0.000000
BoneRestLength 1.000000
BoneMotion (unnamed)
  9
  4
  0.0 0.0 0.0 -0.200001 14.799995 -83.400055 1.0 1.0 1.0
  0 0 0.0 0.0 0.0
  0.0 0.0 0.0 -19.799999 -12.400005 -83.400055 1.0 1.0 1.0
  33 0 0.0 0.0 0.0
  0.0 0.0 0.0 -93.599991 -47.400005 -83.400055 2.160000 2.160000 2.160000
  56 0 0.0 0.0 0.0
  0.0 0.0 0.0 -93.599991 -47.400005 -83.400055 3.035000 3.035000 3.035000
  100 0 0.0 0.0 0.0
EndBehavior 1
AddBone
BoneName Bone
BoneActive 1
BoneRestPosition 2.800000 2.400000 15.799995
BoneRestDirection 0.000000 0.000000 0.000000
BoneRestLength 1.000000
BoneMotion (unnamed)
  9
  4
  -0.199999 7.100000 6.399995 0.0 0.0 0.0 1.0 1.0 1.0
  0 0 0.0 0.0 0.0
  23.500002 14.900002 6.399995 0.0 0.0 0.0 1.0 1.0 1.0
  33 0 0.0 0.0 0.0
  39.000008 14.900002 1.799995 104.200005 44.399998 0.0 1.0 1.0 1.0
  56 0 0.0 0.0 0.0
  23.300007 14.900002 -13.100005 298.600037 59.199997 0.0 1.0 1.0 1.0
  100 0 0.0 0.0 0.0
EndBehavior 1
AddBone
BoneName Bone
BoneActive 1
BoneRestPosition 2.600000 -2.600000 -16.000000
BoneRestDirection 0.000000 0.000000 0.000000
BoneRestLength 1.000000
BoneMotion (unnamed)
  9
  4
  0.300000 -2.600000 -14.599998 0.0 0.0 0.0 1.0 1.0 1.0
  0 0 0.0 0.0 0.0
  19.000000 -5.700001 -14.599998 0.0 0.0 0.0 1.0 1.0 1.0
  33 0 0.0 0.0 0.0
  37.299995 -5.700001 -8.199998 -76.599998 100.200005 0.0 1.0 1.0 1.0
  56 0 0.0 0.0 0.0
  21.399992 -5.700001 10.000003 -214.000015 180.599991 0.0 1.0 1.0 1.0
  100 0 0.0 0.0 0.0
EndBehavior 1
AddBone
BoneName Bone
BoneActive 1
BoneRestPosition 3.000000 16.200001 -2.400000
BoneRestDirection 0.000000 0.000000 0.000000
BoneRestLength 1.000000
BoneMotion (unnamed)
  9
  4
  -0.500000 7.800002 -4.800001 0.0 0.0 0.0 1.0 1.0 1.0
  0 0 0.0 0.0 0.0
  25.100002 9.400002 -4.800001 0.0 0.0 0.0 1.0 1.0 1.0
  33 0 0.0 0.0 0.0
  36.300007 -0.399997 -1.500001 45.800003 25.400000 0.0 1.0 1.0 1.0
  56 0 0.0 0.0 0.0
  18.800007 -0.399997 -2.700001 45.800003 25.400000 0.0 1.0 1.0 1.0
  100 0 0.0 0.0 0.0
EndBehavior 1
AddBone
BoneName Bone
BoneActive 1
BoneRestPosition 3.200000 -16.200003 2.400000
BoneRestDirection 0.000000 0.000000 0.000000
BoneRestLength 1.000000
BoneMotion (unnamed)
  9
  4
  0.800001 -9.000002 0.300000 0.0 0.0 0.0 1.0 1.0 1.0
  0 0 0.0 0.0 0.0
  22.400002 -15.200001 0.300000 -44.199997 -32.400002 0.0 1.0 1.0 1.0
  33 0 0.0 0.0 0.0
  35.700001 -8.599999 -5.700000 -178.199982 107.000008 0.0 1.0 1.0 1.0
  56 0 0.0 0.0 0.0
  22.300001 -8.599999 4.200000 22.400028 359.000000 0.0 1.0 1.0 1.0
  100 0 0.0 0.0 0.0
EndBehavior 1
AddBone
BoneName Bone
BoneActive 0
BoneRestPosition 0.000000 0.000000 0.000000
BoneRestDirection 0.000000 0.000000 0.000000
BoneRestLength 1.000000
BoneMotion (unnamed)
  9
  2
  -9.799998 2.900000 2.700000 0.0 0.0 0.0 1.0 1.0 1.0
  0 0 0.0 0.0 0.0
  -10.099998 -3.900001 2.700000 -10.800000 -24.799999 0.0 1.0 1.0 1.0
  33 0 0.0 0.0 0.0
EndBehavior 1
AddBone
BoneName Bone
BoneActive 1
BoneRestPosition 15.999997 8.400000 2.200000
BoneRestDirection 0.000000 0.000000 0.000000
BoneRestLength 1.000000
BoneMotion (unnamed)
  9
  3
  12.199995 1.000003 0.600000 0.0 0.0 0.0 1.0 1.0 1.0
  0 0 0.0 0.0 0.0
  21.599995 2.500002 0.600000 0.0 0.0 0.0 1.0 1.0 1.0
  33 0 0.0 0.0 0.0
  22.199995 2.500002 -1.300000 196.199997 54.400002 0.0 2.365000 2.365000 2.365000
  100 0 0.0 0.0 0.0
EndBehavior 1
ShadowOptions 7

LoadObject objects/Space/RandomStars
ObjectMotion (unnamed)
  9
  3
  0.0 0.0 0.0 0.0 0.0 0.0 1.0 1.0 1.0
  0 0 0.0 0.0 0.0
  0.0 0.0 0.0 0.0 0.0 0.0 1.0 1.0 1.0
  28 0 1.0 0.0 1.0
  0.0 0.0 0.0 -168.800003 117.000023 0.0 1.0 1.0 1.0
  100 0 0.0 0.0 0.0
EndBehavior 1
ShadowOptions 7

LoadObject objects/Space/Planet
ObjectMotion (unnamed)
  9
  3
  39.499996 -21.699999 -14.600000 0.0 0.0 0.0 0.015000 0.015000 0.015000
  0 0 0.0 0.0 0.0
  39.499996 -21.699999 -14.600000 -49.599998 3.800000 0.0 0.015000 0.015000 0.015000
  62 0 0.0 0.0 1.0
  39.499996 -21.699999 -14.600000 -155.600006 43.799999 0.0 0.000500 0.001000 -0.020000
  100 0 0.0 0.0 0.0
EndBehavior 1
ShadowOptions 7

LoadObject HD1:atm/space/AS1
ObjectMotion (unnamed)
  9
  3
  71.088760 -16.200001 74.387238 -137.600021 -8.799998 26.400002 0.205000 0.205000 0.205000
  0 0 0.0 0.0 0.0
  10.365241 -16.200001 1.523846 -137.600021 -8.799998 26.400002 0.205000 0.205000 0.205000
  42 0 0.0 0.0 0.0
  -33.390144 -16.200001 -46.593369 -137.600021 -8.799998 26.400002 0.0 0.0 0.0
  66 0 0.0 0.0 0.0
EndBehavior 1
ShadowOptions 7

LoadObject HD1:atm/space/AS2
ObjectMotion (unnamed)
  9
  4
  94.345299 -1.300001 -0.800092 95.199982 7.799997 28.600000 0.505000 0.505000 0.505000
  0 0 0.0 0.0 0.0
  47.370323 -1.300001 -17.650942 95.199982 7.799997 28.600000 0.505000 0.505000 0.505000
  37 0 0.0 0.0 0.0
  -1.619891 -1.300001 -39.874783 95.199982 7.799997 28.600000 0.505000 0.505000 0.505000
  64 0 0.0 0.0 0.0
  -41.586025 -1.300001 -86.160934 95.199982 7.799997 28.600000 0.0 0.0 0.0
  85 0 0.0 0.0 0.0
EndBehavior 1
ShadowOptions 7

AmbientColor 255 255 255
AmbIntensity 0.250000

AddLight
LightName Light
LightMotion (unnamed)
  9
  3
  0.0 0.0 0.0 -166.200012 40.399998 0.0 1.0 1.0 1.0
  0 0 0.0 0.0 0.0
  0.0 0.0 0.0 -166.200012 40.399998 0.0 1.0 1.0 1.0
  28 0 1.0 0.0 1.0
  0.0 0.0 0.0 -166.200012 1565.000244 0.0 1.0 1.0 1.0
  100 0 0.0 0.0 0.0
EndBehavior 1
LightColor 255 255 255
LgtIntensity 1.000000
LightType 0
LensFlare 0
ShadowCasting 1

AddLight
LightName flare
LightMotion (unnamed)
  9
  2
  0.0 0.0 0.0 0.0 0.0 0.0 1.0 1.0 1.0
  0 0 0.0 0.0 0.0
  78.081131 -1.699999 84.651825 0.0 0.0 0.0 1.0 1.0 1.0
  100 0 0.0 0.0 0.0
EndBehavior 1
LightColor 255 255 255
LgtIntensity 0.000000
LightType 1
Falloff 0.000000
LensFlare 1
FlareIntensity (envelope)
  1
  3
  0.0
  0 0 0.0 0.0 0.0
  0.0
  80 0 1.0 0.0 1.0
  10.000000
  100 0 0.0 0.0 0.0
EndBehavior 1
FlareDissolve 0.000000
LensFlareFade 4
LensFlareOptions 927
ShadowCasting 1

CameraMotion (unnamed)
  9
  4
  57.109169 -4.000000 53.212166 -162.600021 14.400000 -4.600000 1.0 1.0 1.0
  0 0 1.0 0.0 0.0
  59.240139 -5.900000 52.897552 -149.800018 5.799998 -4.600000 1.0 1.0 1.0
  19 0 0.0 0.0 0.0
  70.092575 -5.900000 74.383018 -144.600021 1.599998 -30.200003 1.0 1.0 1.0
  41 0 0.0 0.0 0.0
  79.405754 -1.099999 87.212471 -152.000046 8.399999 -102.200012 1.0 1.0 1.0
  100 0 0.0 0.0 0.0
EndBehavior 1
ZoomFactor 3.200000
RenderMode 2
RayTraceEffects 0
Resolution 0
Overscan 1
Antialiasing 0
AdaptiveSampling 1
AdaptiveThreshold 8
FilmSize 2
FieldRendering 0
MotionBlur 0
DepthOfField 0

SolidBackdrop 1
BackdropColor 0 0 0
ZenithColor 0 40 80
SkyColor 120 180 240
GroundColor 50 40 30
NadirColor 100 80 60
FogType 0
DitherIntensity 1
AnimatedDither 0

SaveANIMFileName HD1:Framestore/116.FS.ThingKills

ViewMode 3
ViewAimpoint -145.636658 215.899979 -234.654266
ViewDirection -0.568977 -0.659734 0.000000
ViewZoomFactor 2.455000
LayoutGrid 3
GridSize 10.000000
ShowObjects 1
ShowBones 1
ShowLights 1
ShowCamera 1
ShowMotionPath 1
ShowSafeAreas 0
ShowBGImage 0
ShowFogRadius 0
ShowRedraw 0
